129
198
148
190
121
135
131
131
157
163
195
109
174
103
189
139
199
143
122
146
115
146
159
199
174
106
119
110
166
198
181
106
107
178
169
162
131
118
175
166
152
122
113
111
106
159
128
138
168
154
161
182
161
134
168
114
119
191
184
143
182
118
185
118
141
147
140
100
156
175
177
174
115
119
132
107
1000407
1000477
157
154
164
108
197
168
136
194
195
174
128
127
137
147
166
126
102
112
164
117
120
182
135
181
183
155
195
192
176
108
109
173
107
137
146
100
190
161
107
143
167
193
191
120
147
101
153
151
109
111
140
117
141
133
129
162
103
197
157
191
196
181
146
134
163
181
180
120
182
157
192
190
184
150
112
103
110
182
104
107
197
150
164
198
164
174
149
188
177
131
116
101
172
181
108
104
139
159
151
166
198
155
154
115
149
142
132
162
131
128
125
176
122
129
126
175
153
109
119
115
101
121
102
105
